[vnitaa.jpg]
filters=autolight=1;finetune2=1,0.000000,0.134737,0.300351,00000000,0.000000;finetune2=1,0.000000,0.000000,0.126316,00000000,0.029240;
moddate=7b8bc5ead10fd101
width=720
height=477
textactive=0
