[vnitaa.jpg]
backuphash=46430
filters=Soften=1,50.000000,50.000000;finetune2=1,0.000000,0.000000,0.000000,00000000,0.017544;
text=1;155;34;gfskhgkgkrgknerkgnklnlrkgnkgremlk&#010;;Arial;0.345835,0.310276,0.033333,0.000000;v1,4294967295,4278190080,128.000000,1.000000,0.000000,1.000000,400,0,49152;;
textactive=1
